//PN9 sequence, seed 111111111
       0,       0,       0,       0,       1,       1,       1,       1,
       0,       1,       1,       1,       0,       0,       0,       0,
       1,       0,       1,       1,       0,       0,       1,       1,
       0,       1,       1,       0,       1,       1,       1,       1,
       0,       1,       0,       0,       0,       0,       1,       1,
       1,       0,       0,       1,       1,       0,       0,       0,
       0,       1,       0,       0,       1,       0,       0,       0,
       1,       0,       1,       0,       1,       1,       1,       0,
       1,       0,       1,       1,       1,       1,       0,       0,
       1,       0,       0,       1,       0,       1,       1,       1,
       0,       0,       1,       1,       1,       0,       0,       0,
       0,       0,       0,       1,       1,       1,       0,       1,
       1,       1,       0,       1,       0,       0,       1,       1,
       1,       1,       0,       1,       0,       1,       0,       0,
       1,       0,       1,       0,       0,       0,       0,       0,
       0,       1,       0,       1,       0,       1,       0,       1,
       0,       1,       1,       1,       1,       1,       0,       1,
       0,       1,       1,       0,       1,       0,       0,       0,
       0,       0,       1,       1,       0,       1,       1,       1,
       0,       1,       1,       0,       1,       1,       0,       1,
       0,       1,       1,       0,       0,       0,       0,       0,
       1,       0,       1,       1,       1,       0,       1,       1,
       1,       1,       1,       0,       0,       0,       1,       1,
       1,       1,       0,       0,       1,       1,       0,       1,
       0,       0,       1,       1,       0,       1,       0,       1,
       1,       1,       0,       0,       0,       1,       1,       0,
       1,       0,       0,       0,       1,       0,       1,       1,
       1,       1,       1,       1,       1,       0,       1,       0,
       0,       1,       0,       1,       1,       0,       0,       0,
       1,       0,       1,       0,       0,       1,       1,       0,
       0,       0,       1,       1,       0,       0,       0,       0,
       0,       0,       0,       1,       1,       0,       0,       1,
       1,       0,       0,       1,       0,       1,       0,       1,
       1,       0,       0,       1,       0,       0,       1,       1,
       1,       1,       1,       1,       0,       1,       1,       0,
       1,       0,       0,       1,       0,       0,       1,       0,
       0,       1,       1,       0,       1,       1,       1,       1,
       1,       1,       0,       0,       1,       0,       1,       1,
       0,       1,       0,       1,       0,       0,       0,       0,
       1,       0,       1,       0,       0,       0,       1,       0,
       0,       1,       1,       1,       0,       1,       1,       0,
       0,       1,       0,       1,       1,       1,       1,       0,
       1,       1,       0,       0,       0,       0,       1,       1,
       0,       1,       0,       1,       0,       1,       0,       0,
       1,       1,       1,       0,       0,       1,       0,       0,
       0,       0,       1,       1,       0,       0,       0,       1,
       0,       0,       0,       0,       1,       0,       0,       0,
       0,       0,       0,       0,       0,       1,       0,       0,
       0,       1,       0,       0,       0,       1,       1,       0,
       0,       1,       0,       0,       0,       1,       1,       1,
       0,       1,       0,       1,       0,       1,       1,       0,
       1,       1,       0,       0,       0,       1,       1,       1,
       0,       0,       0,       1,       0,       0,       1,       0,
       1,       0,       1,       0,       0,       0,       1,       1,
       0,       1,       1,       0,       0,       1,       1,       1,
       1,       1,       0,       0,       1,       1,       1,       1,
       0,       0,       0,       1,       0,       1,       1,       0,
       1,       1,       1,       0,       0,       1,       0,       1,
       0,       0,       1,       0,       0,       0,       0,       0,
       1,       0,       0,       1,       1,       0,       0,       1,
       1,       1,       0,       1,       0,       0,       0,       1,
       1,       1,       1,       1,       0,       1,       1,       1,
       1,       0,       0,       0,       0,       0,       1,       1,
       1,       1,       1,       1,       1,       1,       1,	      0